{
 "cells": [
  {
   "cell_type": "markdown",
   "metadata": {},
   "source": [
    "# Pandas"
   ]
  },
  {
   "cell_type": "code",
   "execution_count": 1,
   "metadata": {},
   "outputs": [],
   "source": [
    "import numpy as np\n",
    "import pandas as pd\n",
    "from pandas import Series, DataFrame"
   ]
  },
  {
   "cell_type": "markdown",
   "metadata": {},
   "source": [
    "### 1"
   ]
  },
  {
   "cell_type": "code",
   "execution_count": 3,
   "metadata": {},
   "outputs": [
    {
     "data": {
      "text/plain": [
       "0    0.952973\n",
       "1    1.166532\n",
       "2    0.854915\n",
       "3    1.081490\n",
       "4   -0.862397\n",
       "5   -0.651084\n",
       "6    0.911307\n",
       "7   -0.174023\n",
       "8   -0.533641\n",
       "9   -0.371426\n",
       "dtype: float64"
      ]
     },
     "execution_count": 3,
     "metadata": {},
     "output_type": "execute_result"
    }
   ],
   "source": [
    "s1 = Series(np.random.randn(10))\n",
    "s1"
   ]
  },
  {
   "cell_type": "code",
   "execution_count": 4,
   "metadata": {},
   "outputs": [
    {
     "data": {
      "text/plain": [
       "4   -0.862397\n",
       "5   -0.651084\n",
       "8   -0.533641\n",
       "9   -0.371426\n",
       "7   -0.174023\n",
       "2    0.854915\n",
       "6    0.911307\n",
       "0    0.952973\n",
       "3    1.081490\n",
       "1    1.166532\n",
       "dtype: float64"
      ]
     },
     "execution_count": 4,
     "metadata": {},
     "output_type": "execute_result"
    }
   ],
   "source": [
    "s2 = s1.sort_values()\n",
    "s2"
   ]
  },
  {
   "cell_type": "code",
   "execution_count": 6,
   "metadata": {},
   "outputs": [
    {
     "data": {
      "text/plain": [
       "1    1.166532\n",
       "3    1.081490\n",
       "0    0.952973\n",
       "6    0.911307\n",
       "2    0.854915\n",
       "7   -0.174023\n",
       "9   -0.371426\n",
       "8   -0.533641\n",
       "5   -0.651084\n",
       "4   -0.862397\n",
       "dtype: float64"
      ]
     },
     "execution_count": 6,
     "metadata": {},
     "output_type": "execute_result"
    }
   ],
   "source": [
    "s3 = s1.sort_values(ascending=False)\n",
    "s3"
   ]
  },
  {
   "cell_type": "markdown",
   "metadata": {},
   "source": [
    "### 2"
   ]
  },
  {
   "cell_type": "code",
   "execution_count": 7,
   "metadata": {},
   "outputs": [
    {
     "data": {
      "text/plain": [
       "0    0.952973\n",
       "1    1.166532\n",
       "2    0.854915\n",
       "3    1.081490\n",
       "4   -0.862397\n",
       "5   -0.651084\n",
       "6    0.911307\n",
       "7   -0.174023\n",
       "8   -0.533641\n",
       "9   -0.371426\n",
       "dtype: float64"
      ]
     },
     "execution_count": 7,
     "metadata": {},
     "output_type": "execute_result"
    }
   ],
   "source": [
    "s4 = s1.sort_index()\n",
    "s4"
   ]
  },
  {
   "cell_type": "code",
   "execution_count": 8,
   "metadata": {},
   "outputs": [
    {
     "data": {
      "text/plain": [
       "9   -0.371426\n",
       "8   -0.533641\n",
       "7   -0.174023\n",
       "6    0.911307\n",
       "5   -0.651084\n",
       "4   -0.862397\n",
       "3    1.081490\n",
       "2    0.854915\n",
       "1    1.166532\n",
       "0    0.952973\n",
       "dtype: float64"
      ]
     },
     "execution_count": 8,
     "metadata": {},
     "output_type": "execute_result"
    }
   ],
   "source": [
    "s5 = s1.sort_index(ascending=False)\n",
    "s5"
   ]
  },
  {
   "cell_type": "markdown",
   "metadata": {},
   "source": [
    "### 3"
   ]
  },
  {
   "cell_type": "code",
   "execution_count": 2,
   "metadata": {},
   "outputs": [
    {
     "data": {
      "text/html": [
       "<div>\n",
       "<style scoped>\n",
       "    .dataframe tbody tr th:only-of-type {\n",
       "        vertical-align: middle;\n",
       "    }\n",
       "\n",
       "    .dataframe tbody tr th {\n",
       "        vertical-align: top;\n",
       "    }\n",
       "\n",
       "    .dataframe thead th {\n",
       "        text-align: right;\n",
       "    }\n",
       "</style>\n",
       "<table border=\"1\" class=\"dataframe\">\n",
       "  <thead>\n",
       "    <tr style=\"text-align: right;\">\n",
       "      <th></th>\n",
       "      <th>A</th>\n",
       "      <th>B</th>\n",
       "      <th>C</th>\n",
       "      <th>D</th>\n",
       "      <th>E</th>\n",
       "    </tr>\n",
       "  </thead>\n",
       "  <tbody>\n",
       "    <tr>\n",
       "      <td>0</td>\n",
       "      <td>-1.428597</td>\n",
       "      <td>0.350072</td>\n",
       "      <td>0.305981</td>\n",
       "      <td>2.471583</td>\n",
       "      <td>0.425367</td>\n",
       "    </tr>\n",
       "    <tr>\n",
       "      <td>1</td>\n",
       "      <td>0.629269</td>\n",
       "      <td>0.688279</td>\n",
       "      <td>0.234722</td>\n",
       "      <td>-1.650232</td>\n",
       "      <td>-0.823231</td>\n",
       "    </tr>\n",
       "    <tr>\n",
       "      <td>2</td>\n",
       "      <td>-0.989696</td>\n",
       "      <td>-0.946476</td>\n",
       "      <td>-0.863538</td>\n",
       "      <td>-0.364014</td>\n",
       "      <td>0.888387</td>\n",
       "    </tr>\n",
       "    <tr>\n",
       "      <td>3</td>\n",
       "      <td>0.043951</td>\n",
       "      <td>-0.298620</td>\n",
       "      <td>-1.575559</td>\n",
       "      <td>0.218841</td>\n",
       "      <td>-1.245230</td>\n",
       "    </tr>\n",
       "    <tr>\n",
       "      <td>4</td>\n",
       "      <td>-0.033709</td>\n",
       "      <td>0.277542</td>\n",
       "      <td>0.708667</td>\n",
       "      <td>-0.976860</td>\n",
       "      <td>1.525210</td>\n",
       "    </tr>\n",
       "    <tr>\n",
       "      <td>5</td>\n",
       "      <td>-0.603621</td>\n",
       "      <td>0.099885</td>\n",
       "      <td>0.672350</td>\n",
       "      <td>-0.867394</td>\n",
       "      <td>0.575207</td>\n",
       "    </tr>\n",
       "    <tr>\n",
       "      <td>6</td>\n",
       "      <td>0.430017</td>\n",
       "      <td>0.451601</td>\n",
       "      <td>0.947980</td>\n",
       "      <td>-0.099096</td>\n",
       "      <td>0.035944</td>\n",
       "    </tr>\n",
       "    <tr>\n",
       "      <td>7</td>\n",
       "      <td>-1.901128</td>\n",
       "      <td>-0.775057</td>\n",
       "      <td>0.294572</td>\n",
       "      <td>-0.140120</td>\n",
       "      <td>-1.409938</td>\n",
       "    </tr>\n",
       "  </tbody>\n",
       "</table>\n",
       "</div>"
      ],
      "text/plain": [
       "          A         B         C         D         E\n",
       "0 -1.428597  0.350072  0.305981  2.471583  0.425367\n",
       "1  0.629269  0.688279  0.234722 -1.650232 -0.823231\n",
       "2 -0.989696 -0.946476 -0.863538 -0.364014  0.888387\n",
       "3  0.043951 -0.298620 -1.575559  0.218841 -1.245230\n",
       "4 -0.033709  0.277542  0.708667 -0.976860  1.525210\n",
       "5 -0.603621  0.099885  0.672350 -0.867394  0.575207\n",
       "6  0.430017  0.451601  0.947980 -0.099096  0.035944\n",
       "7 -1.901128 -0.775057  0.294572 -0.140120 -1.409938"
      ]
     },
     "execution_count": 2,
     "metadata": {},
     "output_type": "execute_result"
    }
   ],
   "source": [
    "df1 = DataFrame(np.random.randn(40).reshape(8, 5), columns=['A', 'B', 'C', 'D', 'E'])\n",
    "df1"
   ]
  },
  {
   "cell_type": "code",
   "execution_count": 3,
   "metadata": {},
   "outputs": [
    {
     "data": {
      "text/html": [
       "<div>\n",
       "<style scoped>\n",
       "    .dataframe tbody tr th:only-of-type {\n",
       "        vertical-align: middle;\n",
       "    }\n",
       "\n",
       "    .dataframe tbody tr th {\n",
       "        vertical-align: top;\n",
       "    }\n",
       "\n",
       "    .dataframe thead th {\n",
       "        text-align: right;\n",
       "    }\n",
       "</style>\n",
       "<table border=\"1\" class=\"dataframe\">\n",
       "  <thead>\n",
       "    <tr style=\"text-align: right;\">\n",
       "      <th></th>\n",
       "      <th>A</th>\n",
       "      <th>B</th>\n",
       "      <th>C</th>\n",
       "      <th>D</th>\n",
       "      <th>E</th>\n",
       "    </tr>\n",
       "  </thead>\n",
       "  <tbody>\n",
       "    <tr>\n",
       "      <td>7</td>\n",
       "      <td>-1.901128</td>\n",
       "      <td>-0.775057</td>\n",
       "      <td>0.294572</td>\n",
       "      <td>-0.140120</td>\n",
       "      <td>-1.409938</td>\n",
       "    </tr>\n",
       "    <tr>\n",
       "      <td>0</td>\n",
       "      <td>-1.428597</td>\n",
       "      <td>0.350072</td>\n",
       "      <td>0.305981</td>\n",
       "      <td>2.471583</td>\n",
       "      <td>0.425367</td>\n",
       "    </tr>\n",
       "    <tr>\n",
       "      <td>2</td>\n",
       "      <td>-0.989696</td>\n",
       "      <td>-0.946476</td>\n",
       "      <td>-0.863538</td>\n",
       "      <td>-0.364014</td>\n",
       "      <td>0.888387</td>\n",
       "    </tr>\n",
       "    <tr>\n",
       "      <td>5</td>\n",
       "      <td>-0.603621</td>\n",
       "      <td>0.099885</td>\n",
       "      <td>0.672350</td>\n",
       "      <td>-0.867394</td>\n",
       "      <td>0.575207</td>\n",
       "    </tr>\n",
       "    <tr>\n",
       "      <td>4</td>\n",
       "      <td>-0.033709</td>\n",
       "      <td>0.277542</td>\n",
       "      <td>0.708667</td>\n",
       "      <td>-0.976860</td>\n",
       "      <td>1.525210</td>\n",
       "    </tr>\n",
       "    <tr>\n",
       "      <td>3</td>\n",
       "      <td>0.043951</td>\n",
       "      <td>-0.298620</td>\n",
       "      <td>-1.575559</td>\n",
       "      <td>0.218841</td>\n",
       "      <td>-1.245230</td>\n",
       "    </tr>\n",
       "    <tr>\n",
       "      <td>6</td>\n",
       "      <td>0.430017</td>\n",
       "      <td>0.451601</td>\n",
       "      <td>0.947980</td>\n",
       "      <td>-0.099096</td>\n",
       "      <td>0.035944</td>\n",
       "    </tr>\n",
       "    <tr>\n",
       "      <td>1</td>\n",
       "      <td>0.629269</td>\n",
       "      <td>0.688279</td>\n",
       "      <td>0.234722</td>\n",
       "      <td>-1.650232</td>\n",
       "      <td>-0.823231</td>\n",
       "    </tr>\n",
       "  </tbody>\n",
       "</table>\n",
       "</div>"
      ],
      "text/plain": [
       "          A         B         C         D         E\n",
       "7 -1.901128 -0.775057  0.294572 -0.140120 -1.409938\n",
       "0 -1.428597  0.350072  0.305981  2.471583  0.425367\n",
       "2 -0.989696 -0.946476 -0.863538 -0.364014  0.888387\n",
       "5 -0.603621  0.099885  0.672350 -0.867394  0.575207\n",
       "4 -0.033709  0.277542  0.708667 -0.976860  1.525210\n",
       "3  0.043951 -0.298620 -1.575559  0.218841 -1.245230\n",
       "6  0.430017  0.451601  0.947980 -0.099096  0.035944\n",
       "1  0.629269  0.688279  0.234722 -1.650232 -0.823231"
      ]
     },
     "execution_count": 3,
     "metadata": {},
     "output_type": "execute_result"
    }
   ],
   "source": [
    "df2 = df1.sort_values('A')\n",
    "df2"
   ]
  },
  {
   "cell_type": "code",
   "execution_count": 4,
   "metadata": {},
   "outputs": [
    {
     "data": {
      "text/html": [
       "<div>\n",
       "<style scoped>\n",
       "    .dataframe tbody tr th:only-of-type {\n",
       "        vertical-align: middle;\n",
       "    }\n",
       "\n",
       "    .dataframe tbody tr th {\n",
       "        vertical-align: top;\n",
       "    }\n",
       "\n",
       "    .dataframe thead th {\n",
       "        text-align: right;\n",
       "    }\n",
       "</style>\n",
       "<table border=\"1\" class=\"dataframe\">\n",
       "  <thead>\n",
       "    <tr style=\"text-align: right;\">\n",
       "      <th></th>\n",
       "      <th>A</th>\n",
       "      <th>B</th>\n",
       "      <th>C</th>\n",
       "      <th>D</th>\n",
       "      <th>E</th>\n",
       "    </tr>\n",
       "  </thead>\n",
       "  <tbody>\n",
       "    <tr>\n",
       "      <td>1</td>\n",
       "      <td>0.629269</td>\n",
       "      <td>0.688279</td>\n",
       "      <td>0.234722</td>\n",
       "      <td>-1.650232</td>\n",
       "      <td>-0.823231</td>\n",
       "    </tr>\n",
       "    <tr>\n",
       "      <td>6</td>\n",
       "      <td>0.430017</td>\n",
       "      <td>0.451601</td>\n",
       "      <td>0.947980</td>\n",
       "      <td>-0.099096</td>\n",
       "      <td>0.035944</td>\n",
       "    </tr>\n",
       "    <tr>\n",
       "      <td>3</td>\n",
       "      <td>0.043951</td>\n",
       "      <td>-0.298620</td>\n",
       "      <td>-1.575559</td>\n",
       "      <td>0.218841</td>\n",
       "      <td>-1.245230</td>\n",
       "    </tr>\n",
       "    <tr>\n",
       "      <td>4</td>\n",
       "      <td>-0.033709</td>\n",
       "      <td>0.277542</td>\n",
       "      <td>0.708667</td>\n",
       "      <td>-0.976860</td>\n",
       "      <td>1.525210</td>\n",
       "    </tr>\n",
       "    <tr>\n",
       "      <td>5</td>\n",
       "      <td>-0.603621</td>\n",
       "      <td>0.099885</td>\n",
       "      <td>0.672350</td>\n",
       "      <td>-0.867394</td>\n",
       "      <td>0.575207</td>\n",
       "    </tr>\n",
       "    <tr>\n",
       "      <td>2</td>\n",
       "      <td>-0.989696</td>\n",
       "      <td>-0.946476</td>\n",
       "      <td>-0.863538</td>\n",
       "      <td>-0.364014</td>\n",
       "      <td>0.888387</td>\n",
       "    </tr>\n",
       "    <tr>\n",
       "      <td>0</td>\n",
       "      <td>-1.428597</td>\n",
       "      <td>0.350072</td>\n",
       "      <td>0.305981</td>\n",
       "      <td>2.471583</td>\n",
       "      <td>0.425367</td>\n",
       "    </tr>\n",
       "    <tr>\n",
       "      <td>7</td>\n",
       "      <td>-1.901128</td>\n",
       "      <td>-0.775057</td>\n",
       "      <td>0.294572</td>\n",
       "      <td>-0.140120</td>\n",
       "      <td>-1.409938</td>\n",
       "    </tr>\n",
       "  </tbody>\n",
       "</table>\n",
       "</div>"
      ],
      "text/plain": [
       "          A         B         C         D         E\n",
       "1  0.629269  0.688279  0.234722 -1.650232 -0.823231\n",
       "6  0.430017  0.451601  0.947980 -0.099096  0.035944\n",
       "3  0.043951 -0.298620 -1.575559  0.218841 -1.245230\n",
       "4 -0.033709  0.277542  0.708667 -0.976860  1.525210\n",
       "5 -0.603621  0.099885  0.672350 -0.867394  0.575207\n",
       "2 -0.989696 -0.946476 -0.863538 -0.364014  0.888387\n",
       "0 -1.428597  0.350072  0.305981  2.471583  0.425367\n",
       "7 -1.901128 -0.775057  0.294572 -0.140120 -1.409938"
      ]
     },
     "execution_count": 4,
     "metadata": {},
     "output_type": "execute_result"
    }
   ],
   "source": [
    "df3 = df1.sort_values('A', ascending=False)\n",
    "df3"
   ]
  },
  {
   "cell_type": "markdown",
   "metadata": {},
   "source": [
    "### 4"
   ]
  },
  {
   "cell_type": "code",
   "execution_count": 5,
   "metadata": {},
   "outputs": [
    {
     "data": {
      "text/html": [
       "<div>\n",
       "<style scoped>\n",
       "    .dataframe tbody tr th:only-of-type {\n",
       "        vertical-align: middle;\n",
       "    }\n",
       "\n",
       "    .dataframe tbody tr th {\n",
       "        vertical-align: top;\n",
       "    }\n",
       "\n",
       "    .dataframe thead th {\n",
       "        text-align: right;\n",
       "    }\n",
       "</style>\n",
       "<table border=\"1\" class=\"dataframe\">\n",
       "  <thead>\n",
       "    <tr style=\"text-align: right;\">\n",
       "      <th></th>\n",
       "      <th>A</th>\n",
       "      <th>B</th>\n",
       "      <th>C</th>\n",
       "      <th>D</th>\n",
       "      <th>E</th>\n",
       "    </tr>\n",
       "  </thead>\n",
       "  <tbody>\n",
       "    <tr>\n",
       "      <td>1</td>\n",
       "      <td>0.629269</td>\n",
       "      <td>0.688279</td>\n",
       "      <td>0.234722</td>\n",
       "      <td>-1.650232</td>\n",
       "      <td>-0.823231</td>\n",
       "    </tr>\n",
       "    <tr>\n",
       "      <td>6</td>\n",
       "      <td>0.430017</td>\n",
       "      <td>0.451601</td>\n",
       "      <td>0.947980</td>\n",
       "      <td>-0.099096</td>\n",
       "      <td>0.035944</td>\n",
       "    </tr>\n",
       "    <tr>\n",
       "      <td>3</td>\n",
       "      <td>0.043951</td>\n",
       "      <td>-0.298620</td>\n",
       "      <td>-1.575559</td>\n",
       "      <td>0.218841</td>\n",
       "      <td>-1.245230</td>\n",
       "    </tr>\n",
       "    <tr>\n",
       "      <td>4</td>\n",
       "      <td>-0.033709</td>\n",
       "      <td>0.277542</td>\n",
       "      <td>0.708667</td>\n",
       "      <td>-0.976860</td>\n",
       "      <td>1.525210</td>\n",
       "    </tr>\n",
       "    <tr>\n",
       "      <td>5</td>\n",
       "      <td>-0.603621</td>\n",
       "      <td>0.099885</td>\n",
       "      <td>0.672350</td>\n",
       "      <td>-0.867394</td>\n",
       "      <td>0.575207</td>\n",
       "    </tr>\n",
       "    <tr>\n",
       "      <td>2</td>\n",
       "      <td>-0.989696</td>\n",
       "      <td>-0.946476</td>\n",
       "      <td>-0.863538</td>\n",
       "      <td>-0.364014</td>\n",
       "      <td>0.888387</td>\n",
       "    </tr>\n",
       "    <tr>\n",
       "      <td>0</td>\n",
       "      <td>-1.428597</td>\n",
       "      <td>0.350072</td>\n",
       "      <td>0.305981</td>\n",
       "      <td>2.471583</td>\n",
       "      <td>0.425367</td>\n",
       "    </tr>\n",
       "    <tr>\n",
       "      <td>7</td>\n",
       "      <td>-1.901128</td>\n",
       "      <td>-0.775057</td>\n",
       "      <td>0.294572</td>\n",
       "      <td>-0.140120</td>\n",
       "      <td>-1.409938</td>\n",
       "    </tr>\n",
       "  </tbody>\n",
       "</table>\n",
       "</div>"
      ],
      "text/plain": [
       "          A         B         C         D         E\n",
       "1  0.629269  0.688279  0.234722 -1.650232 -0.823231\n",
       "6  0.430017  0.451601  0.947980 -0.099096  0.035944\n",
       "3  0.043951 -0.298620 -1.575559  0.218841 -1.245230\n",
       "4 -0.033709  0.277542  0.708667 -0.976860  1.525210\n",
       "5 -0.603621  0.099885  0.672350 -0.867394  0.575207\n",
       "2 -0.989696 -0.946476 -0.863538 -0.364014  0.888387\n",
       "0 -1.428597  0.350072  0.305981  2.471583  0.425367\n",
       "7 -1.901128 -0.775057  0.294572 -0.140120 -1.409938"
      ]
     },
     "execution_count": 5,
     "metadata": {},
     "output_type": "execute_result"
    }
   ],
   "source": [
    "df3"
   ]
  },
  {
   "cell_type": "code",
   "execution_count": 6,
   "metadata": {},
   "outputs": [
    {
     "data": {
      "text/html": [
       "<div>\n",
       "<style scoped>\n",
       "    .dataframe tbody tr th:only-of-type {\n",
       "        vertical-align: middle;\n",
       "    }\n",
       "\n",
       "    .dataframe tbody tr th {\n",
       "        vertical-align: top;\n",
       "    }\n",
       "\n",
       "    .dataframe thead th {\n",
       "        text-align: right;\n",
       "    }\n",
       "</style>\n",
       "<table border=\"1\" class=\"dataframe\">\n",
       "  <thead>\n",
       "    <tr style=\"text-align: right;\">\n",
       "      <th></th>\n",
       "      <th>A</th>\n",
       "      <th>B</th>\n",
       "      <th>C</th>\n",
       "      <th>D</th>\n",
       "      <th>E</th>\n",
       "    </tr>\n",
       "  </thead>\n",
       "  <tbody>\n",
       "    <tr>\n",
       "      <td>0</td>\n",
       "      <td>-1.428597</td>\n",
       "      <td>0.350072</td>\n",
       "      <td>0.305981</td>\n",
       "      <td>2.471583</td>\n",
       "      <td>0.425367</td>\n",
       "    </tr>\n",
       "    <tr>\n",
       "      <td>1</td>\n",
       "      <td>0.629269</td>\n",
       "      <td>0.688279</td>\n",
       "      <td>0.234722</td>\n",
       "      <td>-1.650232</td>\n",
       "      <td>-0.823231</td>\n",
       "    </tr>\n",
       "    <tr>\n",
       "      <td>2</td>\n",
       "      <td>-0.989696</td>\n",
       "      <td>-0.946476</td>\n",
       "      <td>-0.863538</td>\n",
       "      <td>-0.364014</td>\n",
       "      <td>0.888387</td>\n",
       "    </tr>\n",
       "    <tr>\n",
       "      <td>3</td>\n",
       "      <td>0.043951</td>\n",
       "      <td>-0.298620</td>\n",
       "      <td>-1.575559</td>\n",
       "      <td>0.218841</td>\n",
       "      <td>-1.245230</td>\n",
       "    </tr>\n",
       "    <tr>\n",
       "      <td>4</td>\n",
       "      <td>-0.033709</td>\n",
       "      <td>0.277542</td>\n",
       "      <td>0.708667</td>\n",
       "      <td>-0.976860</td>\n",
       "      <td>1.525210</td>\n",
       "    </tr>\n",
       "    <tr>\n",
       "      <td>5</td>\n",
       "      <td>-0.603621</td>\n",
       "      <td>0.099885</td>\n",
       "      <td>0.672350</td>\n",
       "      <td>-0.867394</td>\n",
       "      <td>0.575207</td>\n",
       "    </tr>\n",
       "    <tr>\n",
       "      <td>6</td>\n",
       "      <td>0.430017</td>\n",
       "      <td>0.451601</td>\n",
       "      <td>0.947980</td>\n",
       "      <td>-0.099096</td>\n",
       "      <td>0.035944</td>\n",
       "    </tr>\n",
       "    <tr>\n",
       "      <td>7</td>\n",
       "      <td>-1.901128</td>\n",
       "      <td>-0.775057</td>\n",
       "      <td>0.294572</td>\n",
       "      <td>-0.140120</td>\n",
       "      <td>-1.409938</td>\n",
       "    </tr>\n",
       "  </tbody>\n",
       "</table>\n",
       "</div>"
      ],
      "text/plain": [
       "          A         B         C         D         E\n",
       "0 -1.428597  0.350072  0.305981  2.471583  0.425367\n",
       "1  0.629269  0.688279  0.234722 -1.650232 -0.823231\n",
       "2 -0.989696 -0.946476 -0.863538 -0.364014  0.888387\n",
       "3  0.043951 -0.298620 -1.575559  0.218841 -1.245230\n",
       "4 -0.033709  0.277542  0.708667 -0.976860  1.525210\n",
       "5 -0.603621  0.099885  0.672350 -0.867394  0.575207\n",
       "6  0.430017  0.451601  0.947980 -0.099096  0.035944\n",
       "7 -1.901128 -0.775057  0.294572 -0.140120 -1.409938"
      ]
     },
     "execution_count": 6,
     "metadata": {},
     "output_type": "execute_result"
    }
   ],
   "source": [
    "df4 = df3.sort_index()\n",
    "df4"
   ]
  }
 ],
 "metadata": {
  "kernelspec": {
   "display_name": "Python 3",
   "language": "python",
   "name": "python3"
  },
  "language_info": {
   "codemirror_mode": {
    "name": "ipython",
    "version": 3
   },
   "file_extension": ".py",
   "mimetype": "text/x-python",
   "name": "python",
   "nbconvert_exporter": "python",
   "pygments_lexer": "ipython3",
   "version": "3.7.4"
  }
 },
 "nbformat": 4,
 "nbformat_minor": 2
}
